/*--------------------------------*- C++ -*----------------------------------*\
  =========                 |
  \\      /  F ield         | OpenFOAM: The Open Source CFD Toolbox
   \\    /   O peration     | Website:  https://openfoam.org
    \\  /    A nd           | Version:  9
     \\/     M anipulation  |
\*---------------------------------------------------------------------------*/
FoamFile
{
    format      ascii;
    class       faceSet;
    location    "constant/polyMesh/sets";
    object      wrongFaces;
}
// * * * * * * * * * * * * * * * * * * * * * * * * * * * * * * * * * * * * * //


3374
(
2916424 
262311 
262418 
262429 
262438 
262461 
2916690 
262485 
2949492 
2949493 
2949494 
2949497 
2949498 
2949500 
2949512 
2949516 
2949519 
262577 
262587 
262607 
262617 
262624 
262629 
262724 
262727 
262735 
262744 
262762 
262772 
262780 
2916991 
262789 
2916998 
2917000 
2917005 
2917006 
2917013 
2917014 
262946 
262948 
262959 
262966 
262969 
262974 
262990 
262999 
263006 
263011 
263028 
263044 
263089 
263107 
263110 
263118 
263127 
263145 
263149 
263151 
263157 
263163 
263166 
263186 
263201 
263202 
263220 
263263 
263264 
263315 
263317 
263331 
263332 
263347 
263349 
263357 
263361 
263364 
263369 
263370 
263385 
263394 
263401 
263406 
263423 
263439 
263444 
263467 
263484 
263502 
263505 
263513 
263522 
263540 
263543 
263545 
263551 
263552 
263557 
263560 
263575 
263577 
263591 
263592 
263600 
263603 
263673 
263725 
263727 
263738 
263741 
263750 
263751 
263766 
263768 
263773 
263775 
263779 
263782 
263787 
263788 
263804 
263806 
263813 
263817 
263820 
263825 
263842 
263851 
263858 
263863 
263886 
263894 
263903 
263921 
263924 
263926 
263932 
263938 
263941 
263957 
263959 
263962 
263964 
263970 
263971 
263976 
263979 
263995 
263997 
264004 
264006 
264012 
264013 
264018 
264021 
264030 
264031 
198516 
1910 
1911 
1912 
1913 
198527 
1921 
1922 
1923 
984964 
1924 
198533 
198539 
1932 
1933 
1934 
1935 
198547 
198548 
198549 
198550 
198563 
198581 
198585 
198611 
198628 
264178 
264180 
264186 
264188 
264195 
264198 
264203 
264204 
2072 
2073 
2074 
264219 
2075 
264221 
198688 
2080 
198689 
2081 
264226 
198690 
2082 
198691 
2083 
264228 
198694 
264232 
2088 
2089 
2090 
264235 
198699 
2091 
264240 
264241 
198705 
198717 
264257 
264259 
198727 
264264 
264266 
2122 
2123 
2124 
2125 
264270 
198734 
2918479 
264273 
198738 
264278 
264279 
198745 
198756 
264295 
198762 
264304 
2918515 
264308 
198774 
264311 
198775 
198776 
198777 
198779 
264316 
198791 
198792 
198793 
198794 
264336 
264339 
264347 
264356 
198821 
198822 
198823 
198824 
198827 
264374 
264377 
264379 
198847 
264385 
264386 
264391 
198856 
264394 
198863 
264410 
264412 
264415 
264417 
264423 
264424 
2281 
2282 
2283 
264429 
198895 
264432 
198896 
198911 
264448 
264450 
264454 
264456 
198921 
264462 
2318 
264463 
198927 
2319 
2320 
264468 
264471 
264478 
198946 
231719 
231720 
264489 
231721 
264491 
198959 
198964 
231733 
231734 
231735 
231736 
198969 
264506 
264507 
231739 
231740 
231741 
198974 
231751 
231752 
198984 
231753 
231754 
264525 
198990 
231762 
231763 
198998 
198999 
199000 
199001 
199006 
231775 
231776 
231777 
231778 
231781 
231782 
231783 
231793 
231794 
199026 
231795 
231796 
199028 
199029 
231802 
199034 
231803 
231804 
231815 
231816 
199048 
231817 
199049 
231818 
199050 
199051 
231820 
231821 
231822 
199055 
231832 
231833 
231834 
231835 
2462 
2463 
2464 
231842 
231843 
231844 
199078 
199079 
199080 
199081 
199082 
231854 
231855 
264624 
231856 
264625 
231857 
231858 
231859 
231860 
199100 
199101 
231870 
199102 
231871 
199103 
231872 
199104 
231873 
264644 
264646 
231886 
199118 
2918863 
264655 
231887 
231888 
264657 
2918866 
264661 
264664 
264669 
231901 
2918878 
264670 
231902 
231903 
199135 
199145 
264685 
264687 
428529 
264692 
264694 
264698 
231931 
264701 
231933 
199166 
264706 
264707 
199172 
231943 
231945 
231952 
231953 
231954 
264723 
231955 
264725 
264730 
428571 
264732 
199197 
264736 
231968 
231969 
231970 
264739 
264744 
264745 
231980 
231981 
231982 
231989 
231990 
231991 
231992 
264761 
264763 
264770 
264774 
264777 
264782 
232023 
232024 
232025 
264799 
264802 
232035 
232036 
264805 
232037 
232044 
264813 
232045 
2669 
232046 
2670 
264815 
232047 
264822 
264838 
264840 
264843 
264845 
264851 
264852 
264857 
264860 
232094 
264876 
264878 
264881 
264883 
264889 
264890 
264895 
264898 
264914 
264916 
264920 
264922 
264928 
264929 
264934 
264937 
264955 
264957 
264966 
264967 
264983 
265018 
1248059 
1248060 
265020 
1248061 
1248065 
1248067 
1248070 
1248071 
1248072 
265067 
265069 
265083 
265084 
265099 
265101 
265107 
265109 
2968 
265113 
2970 
2971 
265116 
265121 
265122 
265137 
265139 
265144 
265146 
265150 
265153 
265158 
265159 
3024 
1248209 
3025 
1248210 
3026 
1248211 
1248213 
1248214 
1248215 
265175 
265177 
265182 
265184 
1248227 
1248228 
265188 
1248229 
265191 
265196 
265197 
265213 
265215 
265222 
265226 
265229 
265234 
1248286 
1248287 
265251 
1248294 
265254 
1248295 
1248296 
265257 
1248299 
265259 
1248300 
1248301 
265265 
265267 
265271 
265274 
1248317 
1248318 
1248319 
265290 
265292 
265295 
265297 
265303 
265304 
265309 
265312 
265328 
265330 
265333 
265335 
3195 
3196 
265341 
3197 
265342 
1248383 
1248384 
1248385 
265347 
265350 
265366 
265368 
265371 
265373 
265379 
265380 
265385 
265388 
265404 
265406 
265416 
265418 
265424 
265425 
265433 
265436 
1248495 
1248496 
1248497 
1248501 
1248502 
1248503 
265470 
265480 
1248526 
1248527 
1248533 
1248534 
1248535 
265524 
265526 
265536 
265537 
265556 
265558 
265564 
265566 
265570 
265573 
265578 
265579 
265594 
265596 
265601 
265603 
265607 
265610 
265615 
265616 
265632 
265634 
265639 
265641 
396717 
265645 
265648 
396725 
265653 
265654 
396734 
396739 
265670 
396744 
265672 
396748 
265677 
265679 
265683 
265686 
265691 
265692 
396770 
396776 
265708 
396781 
265711 
265714 
265716 
396794 
265722 
265724 
396799 
265728 
265731 
265747 
265749 
265752 
265754 
265760 
265761 
265766 
265769 
265785 
265787 
265790 
265792 
265798 
265799 
3657 
3659 
265804 
265807 
265823 
265825 
265828 
265830 
265836 
265837 
265842 
265845 
265861 
265863 
265870 
265872 
265878 
265879 
265887 
265890 
265960 
265962 
265970 
265972 
3832 
3833 
3834 
3835 
266010 
266012 
397093 
266026 
266027 
397102 
397110 
3898 
3899 
266046 
266048 
266053 
266055 
266059 
266062 
266067 
266068 
266084 
266086 
266091 
266093 
266097 
266100 
266105 
266106 
266122 
266124 
266129 
266131 
266135 
266138 
266143 
266144 
4014 
266160 
4016 
266162 
266167 
266169 
266173 
266176 
266181 
266182 
266198 
266201 
266204 
266206 
266212 
266213 
266218 
266221 
4080 
4081 
266237 
266239 
266242 
266244 
397320 
397321 
397322 
266250 
266251 
397327 
397328 
266256 
397329 
266259 
397333 
397334 
397335 
266275 
266277 
397352 
266280 
397353 
397354 
266282 
397358 
397359 
397360 
266288 
266289 
397363 
397364 
397365 
266294 
266297 
397381 
397383 
266313 
397387 
266315 
397388 
266318 
4175 
266320 
4177 
397394 
397396 
266326 
266327 
266332 
266335 
397412 
397413 
397414 
397420 
397423 
266351 
397424 
266353 
2953335 
266360 
266362 
2953339 
266368 
266369 
397444 
397445 
397446 
397449 
266377 
397450 
397451 
266380 
4241 
4242 
2953363 
2953402 
2953405 
2953406 
2953407 
2953411 
266449 
2953427 
2953428 
2953449 
2953453 
266500 
266502 
266511 
266513 
266520 
266523 
266528 
266529 
266544 
266546 
266551 
266553 
266557 
266560 
266565 
266566 
266582 
266584 
266589 
266591 
266595 
266598 
266603 
266604 
266620 
266622 
266627 
266629 
266633 
266636 
266641 
266642 
266658 
266660 
266665 
266667 
266671 
266674 
266679 
266680 
266697 
266699 
266702 
266704 
266710 
266711 
266716 
266719 
266735 
266737 
266740 
266742 
266748 
266749 
266754 
266757 
266773 
266775 
266778 
266780 
266786 
266787 
266792 
266795 
266811 
266813 
266816 
266818 
266824 
266825 
266830 
266833 
266849 
266851 
266858 
266860 
266866 
266867 
529013 
266872 
266875 
529071 
2953914 
2953915 
266994 
266996 
267002 
267004 
267010 
267013 
267017 
267018 
267032 
267034 
267039 
267041 
267044 
267047 
267051 
267052 
267067 
267069 
267074 
267076 
267079 
267082 
267086 
267087 
267102 
267104 
267109 
267111 
267114 
267117 
267121 
267122 
267137 
267139 
267146 
267149 
267152 
529298 
267156 
267157 
529303 
529304 
529306 
529308 
267173 
267175 
267178 
267180 
267185 
267186 
267190 
267193 
267208 
267210 
267213 
267215 
267220 
267221 
529366 
529368 
267225 
267228 
529373 
529378 
529379 
267243 
267245 
529390 
529391 
267248 
529394 
267250 
529395 
529396 
529399 
267255 
529400 
267256 
267260 
267263 
529409 
529410 
529411 
529416 
529417 
529422 
267278 
529423 
267280 
267283 
267285 
267290 
529435 
267291 
529436 
267295 
529440 
529441 
529442 
267298 
529444 
529445 
529446 
267313 
267315 
267319 
267321 
267329 
267330 
267334 
267337 
529546 
529547 
529552 
529553 
529557 
529558 
529568 
529569 
529572 
529573 
529574 
529577 
529578 
529630 
529635 
529636 
529638 
529640 
529670 
529672 
529678 
529679 
2954515 
529683 
529684 
2954517 
529697 
529698 
529702 
529703 
529704 
529707 
529708 
529719 
529721 
529726 
529727 
529732 
529733 
529745 
529746 
529750 
529751 
529752 
529754 
529755 
529756 
529766 
529767 
529772 
529773 
529777 
529778 
529789 
529790 
529793 
529794 
529795 
529798 
529799 
529809 
529810 
529814 
529815 
529816 
529820 
529821 
529831 
529832 
529835 
529837 
529840 
529841 
529904 
202565 
202566 
202567 
202568 
202579 
202591 
202597 
202603 
202612 
202617 
202622 
202640 
202645 
202653 
202654 
202655 
202656 
202666 
202679 
202680 
202681 
202682 
202698 
202699 
202700 
202701 
202733 
202738 
202754 
202772 
202773 
202790 
202807 
202812 
202817 
202830 
202835 
202843 
202844 
202845 
202846 
202862 
202877 
202879 
202880 
202885 
202893 
202894 
202895 
202896 
202910 
202928 
202929 
202930 
202932 
202947 
202962 
202985 
202986 
202987 
202988 
203068 
203069 
203070 
203071 
203079 
203080 
203081 
203082 
203113 
203114 
203115 
203116 
203164 
203166 
203167 
203170 
203171 
203172 
203173 
956850 
203252 
203253 
203254 
203261 
203262 
203263 
203264 
203268 
203269 
203270 
203271 
203275 
203276 
203282 
203283 
203284 
203293 
203294 
203295 
203298 
203299 
203300 
203301 
203310 
203311 
203312 
203313 
203317 
203318 
203319 
203320 
203324 
203332 
203333 
203342 
203343 
203344 
203347 
203348 
203349 
203350 
203355 
203356 
203357 
203365 
203366 
203367 
203368 
203375 
203376 
203377 
203387 
203388 
203389 
203442 
203444 
203445 
203459 
203460 
203461 
7096 
7143 
531940 
531959 
7700 
7828 
7832 
7889 
7890 
532265 
532280 
532282 
532283 
532313 
532411 
532421 
532427 
532973 
532974 
532992 
532994 
532995 
532996 
533024 
238123 
238127 
238132 
238163 
238168 
238186 
533099 
238191 
238195 
533129 
238264 
238265 
238266 
238334 
238345 
238365 
238370 
238374 
238433 
238441 
238513 
238514 
238532 
238533 
238534 
238535 
238549 
238553 
238612 
238616 
238621 
238728 
238730 
238731 
238808 
238813 
238832 
238836 
238840 
533780 
533781 
533786 
238883 
238884 
238885 
533814 
533819 
533830 
533831 
533835 
2925970 
2925971 
239000 
239002 
2925982 
2925983 
533921 
533922 
2925988 
2925992 
533930 
533931 
533932 
2926000 
2926001 
2926002 
2926007 
2926010 
2926016 
533952 
533959 
2926028 
2926031 
2926041 
2926042 
2926043 
2926044 
2926047 
2926048 
2926049 
2926056 
2926057 
2926061 
2926062 
2926065 
2926066 
2926086 
2926087 
2926089 
2926090 
2926093 
2926094 
2926095 
2926096 
2926101 
2926102 
2926105 
2926106 
2926109 
2926110 
2926113 
2926117 
2926118 
2926125 
2926126 
2926151 
2926152 
2926154 
2926155 
2926156 
2926157 
2926158 
2926159 
2926160 
2926161 
2926166 
2926167 
2926411 
2926412 
534756 
534757 
534787 
534859 
534890 
534891 
698870 
535758 
535763 
535789 
535792 
535793 
535796 
535807 
208468 
208469 
208470 
241239 
208471 
241249 
241268 
241272 
241276 
208543 
208544 
208545 
208546 
208554 
208555 
208556 
208557 
241354 
208590 
208591 
208592 
208593 
241362 
208608 
208609 
208610 
208611 
208628 
241408 
208640 
241409 
208649 
208650 
208651 
208652 
208657 
241426 
241427 
241428 
241429 
241463 
241467 
208707 
208791 
208814 
208828 
208829 
241642 
241644 
241645 
208937 
208938 
208939 
208940 
208944 
208945 
208946 
208947 
208951 
208961 
208962 
208963 
208969 
208974 
208975 
208976 
208977 
208984 
241753 
241754 
241755 
209001 
209011 
209012 
209013 
209014 
209051 
209061 
209062 
209063 
209064 
209084 
209085 
209086 
209089 
209090 
209091 
209092 
209095 
209096 
209097 
209098 
209100 
209101 
209109 
209110 
209111 
209113 
209114 
209115 
536800 
209121 
209122 
209123 
209124 
536805 
209129 
209130 
209131 
536815 
209135 
536816 
209136 
209137 
536818 
209138 
209141 
209142 
209143 
209144 
536826 
209148 
209149 
209158 
209159 
209160 
536841 
209162 
209163 
209164 
209169 
209170 
209171 
536852 
209172 
536854 
536857 
209177 
209178 
209179 
209180 
209184 
209201 
209209 
209210 
209211 
209212 
209225 
209227 
209228 
209233 
209248 
536933 
209260 
209261 
209262 
536943 
209263 
536944 
536952 
536953 
209276 
209277 
209278 
209279 
209282 
536963 
209283 
209284 
209285 
209286 
536974 
536975 
536977 
209298 
209299 
536981 
536982 
209305 
209306 
209307 
209308 
209316 
209317 
209318 
209319 
209322 
209323 
209324 
209325 
209329 
209330 
209341 
209347 
209348 
209349 
209350 
209352 
209391 
209403 
209434 
209446 
209447 
209461 
209462 
209463 
209464 
209467 
209468 
209469 
209470 
209471 
209472 
209473 
209543 
209544 
209545 
209546 
209549 
209550 
209551 
209552 
209554 
209563 
209565 
209570 
209571 
209572 
209575 
209576 
209577 
209578 
209579 
209584 
209608 
209609 
209611 
209631 
209636 
209663 
209664 
209665 
209666 
209684 
209685 
209686 
209691 
209692 
209693 
209694 
209697 
209698 
209699 
209700 
209702 
209703 
209707 
209708 
209709 
209717 
209718 
209719 
209721 
209722 
209723 
209724 
209731 
209732 
209733 
209734 
209741 
209742 
209743 
209754 
209755 
209756 
209763 
209764 
209765 
209766 
209772 
209773 
209774 
209775 
209781 
209782 
209783 
209793 
209794 
209795 
209801 
209802 
209803 
209804 
209810 
209811 
209812 
209813 
209816 
209817 
209818 
209819 
209820 
209821 
209822 
209826 
209837 
209838 
209839 
209840 
209842 
209846 
209873 
209874 
209875 
209876 
209896 
209920 
538012 
538014 
538041 
538042 
538109 
538110 
538111 
538112 
2930203 
2930205 
538141 
538142 
2930243 
2930245 
2930246 
539187 
539215 
539288 
539318 
539319 
408779 
408780 
408781 
408786 
408788 
408791 
408792 
408793 
408811 
408812 
408818 
15602 
408819 
408820 
408823 
408824 
408825 
15783 
409002 
409003 
409004 
409009 
409010 
409016 
15806 
409033 
409034 
409035 
409040 
409041 
409044 
409045 
409059 
409060 
409061 
409065 
409066 
409067 
409071 
409072 
409073 
409087 
409088 
409089 
409094 
409095 
409096 
409099 
409100 
409101 
15979 
245374 
245375 
15999 
245376 
245377 
245412 
245413 
245414 
245415 
409281 
409282 
409283 
409288 
409290 
409294 
409296 
409312 
409313 
409314 
409317 
409318 
409319 
245486 
245487 
409329 
409331 
409336 
409339 
409340 
409355 
409356 
409357 
409362 
409368 
409369 
245529 
409370 
245530 
245531 
245532 
409385 
409386 
16172 
409394 
540467 
409396 
409398 
16196 
245574 
245575 
245576 
245577 
16204 
16206 
540497 
245614 
245615 
245617 
409485 
409486 
409487 
409493 
245655 
245656 
245657 
409499 
409500 
409501 
409517 
409518 
409519 
409523 
409524 
409525 
409528 
409530 
245696 
245697 
245698 
245699 
409545 
409546 
409547 
409550 
409551 
409552 
245739 
245740 
245741 
245742 
16369 
16371 
16382 
16389 
16402 
245781 
245782 
245783 
245784 
16410 
16412 
409646 
409647 
409648 
409654 
409655 
409656 
409659 
245820 
409661 
245821 
245822 
245823 
409676 
409677 
409678 
409681 
409682 
409683 
409686 
409687 
409688 
409701 
409702 
409703 
409706 
409707 
409708 
409713 
409714 
409715 
245888 
245889 
16576 
16578 
16585 
16605 
16613 
16615 
246010 
246011 
246012 
246013 
246045 
246046 
246047 
246048 
246092 
246093 
246095 
246123 
246124 
246125 
409969 
409970 
409971 
409976 
409978 
409981 
409982 
409983 
16780 
16782 
410001 
410002 
16787 
16789 
410008 
410009 
246169 
410010 
246170 
246171 
246172 
410013 
410014 
410015 
16809 
16814 
16816 
246204 
16828 
246205 
246206 
16830 
246207 
410110 
410111 
410112 
410117 
410118 
410124 
410141 
410142 
410143 
410148 
410149 
410152 
410153 
410167 
410168 
410169 
410173 
410174 
410175 
410179 
410180 
410181 
410195 
410196 
410197 
16985 
410202 
410203 
16987 
410204 
410207 
410208 
16992 
410209 
16994 
410224 
410225 
17014 
410232 
410234 
17019 
17021 
410238 
410240 
17029 
17031 
410258 
410259 
410260 
410263 
410264 
410265 
410275 
410277 
410283 
410286 
410287 
410305 
410306 
410311 
410317 
410318 
410334 
410335 
410343 
410345 
410347 
17184 
17186 
410403 
410404 
410405 
410411 
17195 
17197 
410417 
410418 
410419 
17215 
17217 
410435 
410436 
410437 
17222 
17224 
410441 
410442 
410443 
410446 
410448 
17232 
17234 
410464 
410465 
410466 
410469 
410470 
410471 
410485 
410486 
410487 
410492 
410493 
410494 
410498 
410499 
410500 
410517 
410518 
410519 
410522 
410523 
410524 
410527 
410528 
410529 
541602 
410541 
410542 
410543 
410549 
410550 
410551 
541625 
410554 
410556 
541633 
541636 
541638 
541641 
410571 
410572 
410573 
410577 
410578 
410579 
410582 
541655 
410583 
541656 
410584 
17386 
17388 
17397 
17399 
17406 
17424 
17426 
17431 
17433 
17441 
541730 
17443 
410688 
541762 
410690 
410695 
410701 
410703 
410717 
410718 
410719 
410724 
410727 
410728 
214122 
410745 
410746 
410747 
214139 
410750 
410751 
410752 
214147 
214148 
214149 
214150 
410764 
410765 
410766 
410769 
410771 
410776 
410777 
410778 
17570 
17572 
17576 
214186 
17578 
17584 
214194 
214195 
214196 
214197 
17599 
214209 
17601 
17605 
17607 
214217 
214218 
214219 
214220 
17614 
214224 
17616 
214225 
214226 
214227 
214233 
214234 
214235 
214241 
214246 
214247 
214248 
214249 
214253 
214255 
214256 
214269 
214279 
214290 
214291 
214292 
214293 
214299 
214300 
214301 
214304 
214305 
214311 
214312 
214313 
214314 
214318 
214319 
214320 
214321 
214326 
214327 
214328 
214331 
214332 
214333 
214339 
214340 
214341 
214342 
214347 
214348 
214349 
214353 
214354 
214361 
214362 
214363 
214364 
214367 
214368 
214369 
214370 
214376 
214377 
214378 
214380 
214381 
214382 
214387 
214388 
214389 
214390 
214391 
214429 
214439 
214447 
214448 
214449 
214450 
214454 
214455 
214456 
214457 
214465 
214466 
214472 
214473 
214474 
214475 
214483 
214484 
214491 
214492 
214493 
214494 
214497 
214498 
214499 
214500 
214508 
214514 
214515 
214516 
214517 
214565 
214566 
214579 
214580 
214581 
214587 
214588 
214589 
214590 
214594 
214595 
214596 
214597 
214609 
214630 
214646 
214647 
214648 
214649 
214668 
214675 
214676 
214677 
214678 
214682 
214683 
214684 
214685 
214690 
214692 
214698 
214699 
214700 
214703 
214704 
214705 
214706 
214709 
214710 
214711 
214716 
214717 
214723 
214724 
214725 
214726 
214729 
214730 
214731 
214732 
214734 
214735 
214736 
214744 
214745 
214746 
214749 
214750 
214751 
214752 
214754 
214755 
214756 
214762 
214763 
214768 
214769 
214770 
214771 
214775 
214776 
214777 
214778 
214779 
214780 
214790 
214791 
214792 
214794 
214795 
214796 
214797 
214804 
214805 
214806 
214814 
214815 
214816 
214817 
214827 
214828 
214829 
214836 
214837 
214838 
214839 
214845 
214846 
214847 
214855 
214856 
214857 
214858 
214866 
214867 
214868 
214874 
214875 
214876 
214877 
214879 
214899 
214918 
214919 
214921 
214933 
214978 
214985 
214986 
214987 
214988 
214991 
214992 
214993 
214994 
214997 
214998 
215006 
215007 
215008 
215011 
215012 
215013 
215014 
215020 
215021 
215022 
215027 
215028 
215029 
215030 
215034 
215035 
215036 
215037 
215038 
215050 
215051 
215052 
215053 
215058 
215059 
215060 
215065 
215066 
215067 
215073 
215074 
215075 
215076 
215085 
215086 
542865 
542870 
542901 
542906 
542921 
1199434 
1199435 
1199436 
1199458 
1199459 
1199460 
544150 
544155 
544166 
544176 
544186 
544191 
544204 
544207 
216819 
216823 
216829 
216835 
216847 
216854 
216855 
216856 
216870 
216875 
216876 
216877 
216878 
216895 
216905 
216924 
216927 
249711 
216945 
216947 
216965 
216971 
216995 
216997 
217003 
217015 
217017 
249790 
217023 
217028 
217034 
217040 
217046 
217051 
217061 
217067 
217072 
217078 
217088 
217094 
217104 
217115 
217116 
249885 
217117 
217125 
217137 
217148 
217149 
217150 
217151 
217158 
217168 
217181 
217188 
249958 
217199 
217200 
217201 
217202 
217224 
217230 
217236 
217255 
217257 
217258 
217271 
217272 
217273 
217274 
217297 
217303 
217314 
250134 
217383 
217393 
217395 
217425 
217426 
217428 
217439 
217440 
217441 
217442 
217456 
217473 
217483 
217493 
217494 
217495 
2904484 
217508 
217512 
217518 
217529 
217534 
217543 
217549 
217555 
217561 
217566 
217572 
217583 
217599 
217600 
217601 
217602 
217641 
217642 
217643 
217644 
545351 
545358 
217683 
217684 
217685 
217686 
545368 
545376 
250465 
545385 
545387 
217715 
545399 
545401 
217722 
217723 
217724 
250503 
217738 
250515 
217749 
217750 
217751 
217752 
217763 
2904743 
2904744 
217773 
2904756 
2904759 
2904760 
2904765 
2904766 
217790 
217791 
217792 
217793 
217818 
217820 
217821 
217827 
217843 
217849 
217851 
217864 
217877 
217886 
217904 
217906 
217907 
217924 
217925 
2937759 
250787 
2938233 
2938271 
546530 
546569 
251791 
546972 
1235131 
1235132 
1235133 
1235143 
1235144 
1235145 
1235162 
1235163 
547035 
1235269 
1235270 
1235271 
1235284 
1235285 
1235286 
547161 
1235302 
1235303 
2906532 
547251 
547254 
547260 
2906558 
2906565 
2906566 
547292 
547298 
547653 
547656 
547906 
548084 
548145 
548150 
548243 
548281 
1236468 
1236469 
1236470 
2940420 
1236486 
1236487 
1236488 
2940425 
1236501 
2940438 
1236502 
1236503 
548393 
1236528 
1236529 
1236530 
1236546 
1236547 
1236548 
548486 
548488 
548492 
548498 
1236629 
1236630 
1236631 
1236641 
1236642 
1236643 
548522 
548523 
1236660 
1236661 
548534 
548556 
2907946 
384903 
384922 
384999 
385007 
385017 
548859 
385022 
385027 
385032 
385040 
385046 
385069 
385074 
2908220 
549080 
549084 
549086 
549098 
549101 
549105 
549114 
385382 
385403 
385433 
385462 
2908780 
2908786 
2908816 
2942059 
2942208 
2942294 
2942298 
2942457 
2942460 
452341 
452342 
452343 
452344 
452374 
452375 
452376 
452377 
452492 
452493 
452494 
452510 
452511 
452659 
452660 
452661 
452689 
452690 
452691 
452709 
452710 
452903 
452904 
452906 
452937 
452938 
452948 
452949 
452951 
715128 
256449 
420363 
420374 
453172 
453173 
453174 
453188 
453196 
453197 
453209 
453212 
453235 
453504 
453505 
453506 
453524 
453774 
453775 
453777 
453805 
453806 
453807 
453816 
453817 
257404 
454095 
454098 
454111 
454121 
454122 
454132 
454133 
454135 
257573 
1240746 
1240747 
1240748 
1240752 
1240753 
1240754 
454427 
454429 
454440 
454443 
454459 
454460 
454461 
454462 
454472 
454475 
257870 
454497 
257899 
257943 
257956 
815108 
454770 
454772 
454782 
454783 
454784 
454786 
454793 
454806 
454807 
454809 
815270 
815274 
815290 
815316 
258290 
258291 
258292 
258293 
258331 
815410 
258357 
815442 
258386 
258387 
258420 
258422 
815484 
815485 
815509 
455126 
455127 
455163 
455165 
258557 
455166 
258558 
258572 
258573 
815651 
815673 
815730 
258727 
258729 
258730 
258739 
258740 
815808 
815828 
258777 
258779 
258780 
258781 
455486 
455487 
455520 
455523 
455532 
455541 
258956 
258957 
258958 
258965 
258980 
258988 
226368 
226374 
226385 
226394 
259165 
226400 
226409 
226414 
259184 
259186 
259187 
226420 
226425 
259197 
259198 
259199 
226431 
259200 
259205 
226437 
226443 
259215 
226448 
226458 
226464 
259234 
455845 
226469 
455846 
226480 
226485 
226496 
455879 
226505 
455882 
455890 
226518 
226519 
226520 
455897 
226528 
226540 
226545 
226546 
226547 
226548 
226560 
193795 
193796 
193797 
193798 
226570 
226577 
226590 
193822 
193823 
193824 
193825 
193830 
193831 
193832 
193833 
226607 
226608 
226609 
226610 
193850 
193851 
193852 
226621 
193853 
193858 
226627 
193859 
193860 
193861 
226633 
193890 
193891 
226660 
193892 
193893 
226662 
226663 
193896 
193897 
193898 
193899 
226674 
226675 
226676 
226677 
259454 
259455 
259456 
193929 
193930 
193931 
193932 
259478 
259480 
193960 
193961 
193962 
193963 
226742 
226747 
193985 
193986 
193987 
193988 
226761 
226780 
226798 
226800 
226824 
456201 
226825 
456202 
226827 
226838 
226839 
226840 
226841 
226860 
226865 
226880 
226885 
226886 
226887 
226903 
226913 
226919 
226925 
226931 
226936 
259711 
259712 
259713 
226945 
226950 
259719 
259720 
259721 
226971 
226972 
226973 
259742 
226974 
259744 
227008 
227009 
227010 
227011 
227054 
227055 
227056 
227057 
227098 
227099 
227100 
227101 
227115 
227127 
227129 
227141 
227146 
227149 
227166 
227173 
227182 
227193 
227194 
227195 
227196 
259972 
259981 
259996 
227232 
227233 
227234 
260003 
227235 
260004 
227238 
227239 
227240 
456620 
227247 
227248 
227249 
227260 
227261 
227262 
227263 
227267 
227268 
227269 
456653 
227285 
227286 
227287 
227300 
227302 
227310 
227311 
227312 
227313 
456695 
227320 
227322 
456717 
456719 
456726 
227350 
456727 
227351 
456805 
456841 
456842 
456843 
260258 
456873 
456874 
260267 
456880 
456883 
456885 
456890 
456911 
456967 
456968 
2914581 
456989 
2914598 
2914601 
457001 
457093 
457100 
457112 
260514 
260515 
260516 
260517 
260531 
2914755 
260560 
2914770 
260569 
2914781 
195572 
195573 
195574 
195575 
195593 
195594 
195595 
195596 
195601 
195602 
195603 
195604 
195625 
195626 
195627 
195628 
195633 
195634 
195635 
195636 
195656 
195657 
195658 
195670 
195671 
195672 
195673 
1244256 
1244257 
1244258 
1244262 
1244263 
1244264 
1244267 
1244268 
1244269 
195697 
195698 
195699 
195700 
195723 
195724 
195725 
195726 
195730 
195731 
195732 
195733 
195758 
195759 
195760 
195761 
195765 
195766 
195767 
195768 
195795 
195796 
195797 
195798 
1244412 
1244413 
1244414 
1244416 
1244417 
1244418 
1244430 
1244431 
1244432 
1244525 
1244526 
1244527 
1244532 
228724 
1244533 
228725 
1244534 
228726 
228727 
1244537 
228729 
1244538 
523642 
1244539 
523643 
523648 
523649 
523653 
523654 
1244553 
1244554 
1244555 
523667 
523668 
523672 
523673 
523674 
523677 
523678 
1244606 
1244607 
1244608 
228819 
228901 
228902 
228903 
228904 
228906 
228907 
228908 
228916 
228917 
228918 
228927 
228928 
228929 
228930 
228940 
228941 
228942 
228943 
228946 
228947 
228955 
228956 
228957 
523872 
228966 
228967 
228968 
228969 
228970 
1244784 
1244785 
1244790 
1244791 
1244792 
2948765 
2948767 
229028 
229029 
229030 
229031 
229034 
229035 
2948780 
229036 
2948785 
229041 
2948786 
229042 
229043 
2948789 
2948794 
2948795 
229052 
2948797 
229053 
229054 
2948799 
229055 
229095 
229136 
229137 
229138 
229145 
229146 
229147 
229148 
2948898 
229154 
2948899 
229155 
2948900 
229156 
2948903 
2948908 
2948910 
2948912 
229170 
229171 
229172 
229182 
229183 
229184 
229185 
229191 
229192 
229193 
2949026 
2949027 
2949028 
2949031 
2949032 
2949034 
2949046 
2949049 
2949053 
)

// ************************************************************************* //
